Potential_Type = "Coulomb";
minR = 0.100000;
maxR = 10.000000;
Rstep = 0.100000;
Z1 = 1;
Z2 = 1;
