inttype = "Exact Coulomb";
minE = 0.010000;
maxE = 10.000000;
Estep = 0.000000;
logspace_on = 1;
logstep = 20;
Z1 = 1;
Z2 = 1;
theta_min = 0.001000; 
theta_max = 3.140000; 
theta_step = 0.001000; 
