Potential_Type = "12-6 Lennard-Jones";
minR = 0.100000;
maxR = 10.000000;
eps_param = 0.500000;
sigma_param = 3.000000;
