Potential_Type = "Power Law";
minR = 0.100000;
maxR = 10.000000;
a_param = 2.000000;
k_param = 5.000000;
