Potential_Type = "Morse";
minR = 2.000000;
maxR = 20.000000;
eps_param = 0.500000;
k_param = 6.000000;
rm_param = 3.000000;
