Potential_Type = "Power Law";
minR = 1.000000;
maxR = 10.000000;
tol = 1.000000e-12;
min_a = 0.000000;
max_a = 10.000000;
min_k = 0.000000;
max_k = 10.000000;
k_start = 2.000000;
a_start = 5.000000;
