Potential_Type = "ZBL";
minR = 1.000000;
maxR = 10.000000;
Tol = 1.000000e-12;
Z1 = 1;
z2_param = 9.999996e-01;
minZ2 = 0;
maxZ2 = 10;
