Potential_Type = "Morse";
minR = 2.000000;
maxR = 20.000000;
Rstep = 0.100000;
eps_well = 0.500000;
k = 6.000000;
rm = 3.000000;
