Potential_Type = "12-4 Lennard-Jones";
minR = 1.000000;
maxR = 8.000000;
tol = 1.000000e-12;
min_eps = 0.100000;
max_eps = 1.000000;
min_sigma = 1.000000;
max_sigma = 4.000000;
eps_start = 0.300000;
sigma_start = 2.000000;
