Potential_Type = "ZBL";
minR = 1.000000;
maxR = 10.000000;
tol = 1.000000e-12;
Z1 = 1;
minZ2 = 0;
maxZ2 = 10;
